start=9065.920000
speed=1.500000
