start=9218.280000
speed=1.500000
sid=no
