start=5385.720000
speed=1.500000
