start=7139.400000
speed=1.500000
sid=no
