start=5111.560000
speed=1.500000
aid=1
sid=no
