start=2.160000
speed=1.500000
