start=6992.520000
speed=1.500000
