start=235.819000
volume=95.000000
