start=9084.560000
speed=1.500000
