start=0.080000
speed=1.500000
