start=4037.000000
speed=1.500000
