start=19.967000
speed=0.850000
