start=12853.280000
speed=1.500000
