start=7354.840000
speed=2.000000
