start=4341.400000
speed=1.500000
