start=6844.200000
speed=1.500000
