start=4857.040000
speed=1.500000
