start=3977.800000
speed=1.500000
