start=2731.080000
speed=1.500000
