start=5237.440000
speed=1.500000
