start=3603.720000
speed=1.500000
