start=0.560000
speed=1.500000
