start=1371.072000
sub-delay=-0.100000
