start=8171.520000
speed=1.500000
