start=4335.600000
speed=1.500000
