start=3.880000
speed=1.500000
