start=6332.400000
speed=1.500000
