start=1825.640000
speed=1.500000
