start=4.120000
speed=1.500000
