start=10.080000
speed=1.500000
