start=1.280000
speed=1.500000
