start=3931.200000
speed=1.500000
