start=7497.320000
speed=1.500000
