start=153.920000
speed=1.500000
