start=1.600000
speed=1.500000
