start=1836.033000
speed=1.300000
sid=no
