start=2611.320000
speed=1.500000
