start=4658.840000
speed=1.500000
