start=1414.997000
volume=100.293747
aid=1
