start=4488.560000
speed=1.500000
