start=4487.800000
speed=1.500000
