start=8480.760000
speed=1.500000
