start=9210.280000
speed=1.500000
