start=3445.800000
speed=1.500000
af=lavfi=graph=%26%loudnorm=I=-14:TP=-3:LRA=4
