start=8581.960000
speed=1.500000
