start=13377.760000
speed=1.500000
