start=4870.080000
speed=1.500000
