start=4338.080000
speed=1.500000
