start=977.852000
volume=102.000000
