start=3659.000000
speed=1.500000
