start=3606.960000
speed=1.500000
