start=2.120000
speed=1.500000
