start=6754.000000
speed=1.500000
