start=2829.200000
speed=2.000000
