start=0.240000
speed=1.500000
