start=17.760000
speed=1.500000
