start=11490.760000
speed=1.500000
