start=1.084000
sid=no
sub-scale=0.750000
