start=4400.680000
speed=1.500000
volume=99.000000
