start=1583.840000
speed=1.033058
