start=3676.160000
speed=1.500000
