start=12.080000
speed=1.500000
