start=4.440000
speed=1.500000
