start=13.339000
speed=2.300000
