start=1126.208000
sid=no
sub-scale=0.750000
