start=3.370033
speed=0.500000
