start=30.648000
speed=2.000000
