start=9213.560000
speed=1.500000
