start=2680.160000
speed=2.000000
