start=3022.040000
speed=1.500000
