start=0.880000
speed=1.500000
